///////////////////////// 66.1

25320 29269 40
24810 10353 27
15276 20113 28
13867 24491 45
19677 6037 46
19688 2020 36

////////////////////////// 66.2

6131 20807 127567717
26297 6329 166433713
24767 809 20036503
28477 19289 549292853
24799 6359 157696841
691 11003 7603073
9631 28351 273048481
23 529 12167
89 7921 704969
6661 26393 175803773
5881 28429 167190949
18587 21739 404062793

////////////////////////// 66.3

3 4 5
343 58824 58825
 
343 58824 58825
681 231880 231881
 
681 231880 231881
683 233244 233245
 
683 233244 233245
1021 521220 521221
 
1021 521220 521221
1023 523264 523265
 
1023 523264 523265
926160 1361 926161
 
926160 1361 926161
1701 1446700 1446701
 
1701 1446700 1446701
1703 1450104 1450105
 

////////////////////////// 66.4
Nie wiedzia³em jak zrobiæ.

